,open,high,low,close,volume,PE_inc
2023-09-26,-1.9600127296910759,-2.016807465768625,-1.9623807549475158,-2.0223734047965274,-0.20803396983878608,0.30983500360328065
2023-09-25,-2.0029249631827066,-2.0071010537066,-1.9587032970388083,-1.9696349513402605,-0.13533413426876137,-0.1583884891491309
2023-09-24,-1.9508618261800743,-1.955834798551788,-1.9541381399515938,-2.006572246553006,0.5098423843752302,1.2284956164763792
2023-09-23,-1.9871051590948374,-2.022431438736853,-1.949933916244686,-1.9793598029317137,0.2319610370919092,0.0006730650091927006
2023-09-22,-1.960152418262873,-2.0183574867544047,-1.9954517929540538,-2.0366369663684036,0.20625757954295929,-0.0449056675525779
2023-09-21,-2.017270922482216,-1.9814782805005375,-1.986263403221699,-1.9451964703498719,0.3046533569227116,2.124293262240764
2023-09-20,-1.926506827374051,-1.97854019368789,-1.9112547015996102,-1.969002308897826,0.28450240852842096,0.2915762133036006
2023-09-19,-1.9496052539070203,-1.993362886926237,-1.9064837783154203,-1.9700531201080218,-0.6287199375493281,-1.6788607694302988
2023-09-18,-1.9506690568209089,-1.9866611703423058,-1.9134219590868788,-1.9758741635315824,-0.4590907539675838,-0.8226478617195875
2023-09-17,-1.9570873715819916,-1.9943542482144783,-1.9596758528637854,-1.9516118919950989,0.1993292453510065,0.12848997463461176
2023-09-16,-1.9325705833478701,-1.8274439024431994,-1.9086281788872546,-1.815196027001511,1.0401225504083533,0.15210647920711434
2023-09-15,-1.7967948196253387,-1.7370840348476675,-1.7787466737155868,-1.845859318455516,0.9521008868290178,-0.25938486160585816
2023-09-14,-1.789346543183475,-1.8468310244108206,-1.857951267550508,-1.9140181628392539,0.3607103040009752,-1.1731506187617846
2023-09-13,-1.895277370946785,-1.9262055564897511,-2.0353191273784,-2.084248676335336,0.7282162475887172,-1.5059331496145403
2023-09-12,-2.0645326105995707,-2.0901876551450935,-2.0282696023788,-2.049222263038906,-0.4182208899983799,-2.59620981563793
2023-09-11,-2.029475326411974,-2.086745717397905,-2.0081285615513353,-2.058029099633934,-0.8422896514955885,2.660971059768439
2023-09-10,-2.038100866835785,-2.08857411263203,-2.0801641862187914,-2.1335593380583227,-0.08781919651536654,0.24563107120735123
2023-09-09,-2.112933122254314,-2.0407803979655963,-2.0730176859767706,-2.022831758805847,0.5713110086016763,0.03852198992351805
2023-09-08,-2.003784284118559,-2.063154932157728,-1.9941648217202472,-2.043896567912583,-0.3679729588074691,1.2913827375892935
2023-09-07,-2.0241042066446595,-2.07481514968086,-2.0334668063606745,-2.040857531144177,-0.1812187822284937,-1.8557736930354607
2023-09-06,-2.0214474783300576,-2.06584879576363,-1.984899164390262,-2.0487806099673427,-0.3144950570016224,0.10385310958877476
2023-09-05,-2.029152792701424,-2.075273748305482,-1.985122991141915,-2.0367253261569433,-0.9836430427404103,0.12580875326415816
2023-09-04,-2.0172343349028448,-2.076238868126331,-1.9943232220470506,-2.038094090101138,-0.7545786836144183,0.6088236312761175
2023-09-03,-2.0184741055067983,-2.062381758833919,-1.9805939258561092,-2.019628294391654,-0.7269509371047201,-0.38802807559361757
2023-09-02,-2.0003017586546017,-2.0531414242797235,-2.021528550344998,-2.0677115187153148,-0.2642529002692714,-0.26315009772228093
2023-09-01,-2.0481587351280037,-2.097729164651594,-2.056266201351179,-2.1067706902883767,-0.11362365158508127,0.5067629840986758
2023-08-31,-2.086860537742211,-2.124809342652048,-2.053591793705334,-2.085468560439002,-0.4171837730918877,5.266929728905071
2023-08-30,-2.0658659502510273,-2.1267468955623166,-2.0776789969153717,-2.0949027917665464,-0.24261555781732946,1.5757170369751525
2023-08-29,-2.0747478447375873,-2.130106027369458,-2.0514678490739175,-2.1079752839920203,-0.8045666377053502,-5.847080410873047
2023-08-28,-2.0879002957772976,-2.1297682615583193,-2.0505750570098824,-2.0895647631270693,-1.0435857323996716,-0.06303714746788718
2023-08-27,-2.0695973552591753,-2.0997823480404096,-2.0383171802470437,-2.074522487031146,-0.7016908788308788,-0.3113521133689352
2023-08-26,-2.0546577834312507,-2.099525664877079,-2.026264567017273,-2.0765666058631322,-0.4853800868511716,0.15074397857778365
2023-08-25,-2.0566962824790167,-2.0520391046764375,-2.015353260210944,-2.0330513003854485,0.05604441810788333,0.4403604965892459
2023-08-24,-2.013468194363659,-2.0707797031073847,-1.9859030332246173,-2.03933998168616,-0.5105806207930681,1.0292166270512018
2023-08-23,-2.019836488054283,-2.0456632321585424,-2.003657102752416,-2.011995879951528,-0.4242021538843197,-1.513275390831612
2023-08-22,-1.9925590901170929,-2.049612542000278,-1.956118755374524,-2.0112583886487694,-1.2268611291928813,0.3552780967120596
2023-08-21,-1.9920805603236456,-2.022598861042877,-1.9537491685537565,-1.9789704634517646,-0.9807444029278566,0.25050934649021916
2023-08-20,-1.959094230121298,-1.9530888934388528,-1.9128997486525705,-1.9539573658955558,0.08036702231594135,-0.35655440570634206
2023-08-19,-1.9357526263409834,-1.9310450246836361,-1.896314392698144,-1.8946958592504897,-0.25709263588087494,-0.178752621733917
2023-08-18,-1.8759795499961889,-1.8140573742821913,-1.8542483517939585,-1.776617008453835,0.0423182688339357,2.3608581696017548
2023-08-17,-1.7585826633816375,-1.5715614803417095,-1.7145352550657256,-1.5569559614886788,2.0390102373544226,7.64021718699896
2023-08-16,-1.5404368678407827,-1.354239512510012,-1.5140811228764544,-1.3101730929222077,1.35048981738138,1.6325387806119511
2023-08-15,-1.2947424245955297,-1.095840534146268,-1.2365320468956977,-1.0570453068969397,2.517862770560233,0.8162238958886004
2023-08-14,-1.0430763816110538,-1.1147742225034287,-1.06847377359587,-1.0797070520391074,0.16108597015055753,-0.4268439948489531
2023-08-13,-1.0655458907274158,-1.0293733902982527,-1.0423311485967213,-1.0111684947773771,1.0590243813468887,0.45436098025444843
2023-08-12,-0.9962908344966362,-1.0112790086395136,-0.9791643830884937,-1.0130937963748945,0.8442464764627802,-0.06203780672342096
2023-08-11,-0.999777620904341,-0.9820054166249687,-1.0842043713003062,-1.1252719379776641,1.4440204810382646,0.10843356709892502
2023-08-10,-1.1116542190018988,-1.0754000892489408,-1.0496300558576839,-1.0308258289018433,0.38328430615791953,0.44819519267707364
2023-08-09,-1.0176282869752515,-0.7196434002765993,-0.9934443232763038,-0.6535852345247378,1.2994616024100403,0.6900806932726489
2023-08-08,-0.6421026130570737,-0.5823998250297229,-0.6106019372675628,-0.6296009401224356,1.7359792583976517,-1.9650733097363569
2023-08-07,-0.6183832126867904,-0.6348831493330557,-0.6403918955290967,-0.643176588950653,0.8138605707700518,-0.47539410014887695
2023-08-06,-0.6318040148836324,-0.6186563318573199,-0.5763558010110595,-0.5923918544096454,1.0262185504889731,0.0009296207987368801
2023-08-05,-0.582614903800297,-0.6169057016345647,-0.6014890989012736,-0.663096570259204,1.0126033543662218,0.11006624491442141
2023-08-04,-0.6511036463217496,-0.48010483256989334,-0.6360231228318796,-0.5488653868279515,1.5254668073391244,0.35972594739666014
2023-08-03,-0.5403162412667972,-0.5929306707142397,-0.5145636103019617,-0.5690548788568885,1.0069442278534344,-0.09157059768072805
2023-08-02,-0.5587704258667624,-0.5509092702966633,-0.5762863481946164,-0.5581511397705746,0.8901795913648757,1.7966984535963886
2023-08-01,-0.547154288255866,-0.6094888764558724,-0.5151710035227512,-0.5694553896284555,-0.3883442868671135,-1.501636461512512
2023-07-31,-0.5585977773263374,-0.4340946586293556,-0.4968489595889449,-0.3930327493544403,1.1346536961616671,0.15462503182297646
2023-07-30,-0.38329568534567204,-0.4644615025223861,-0.575567933827393,-0.6147669392217214,1.1085220380626408,0.2787693670749152
2023-07-29,-0.6035680507990259,-0.5957350853730657,-0.5496110308777852,-0.5437815399787258,0.5851779760285591,-0.12832795951211187
2023-07-28,-0.5335040237194305,-0.47023231772319474,-0.5226455694892924,-0.4050864138422102,1.0459354630386246,-0.37025552399198053
2023-07-27,-0.3959917527432765,-0.37656291753251725,-0.3806229962480253,-0.4648606570888731,1.691005986137863,0.4939411201204931
2023-07-26,-0.45529327584639406,-0.490339245579833,-0.4259666816741568,-0.4702113631360434,1.093840595658072,-0.43461829688841586
2023-07-25,-0.4607400450008235,-0.5185220619323994,-0.42312069568822597,-0.4980873868240682,-0.2773469894628571,-0.17269866976797776
2023-07-24,-0.48764702140794025,-0.549579929724201,-0.53129664364084,-0.587353016607368,0.1929406160352558,3.1107597936304234
2023-07-23,-0.5768609198983857,-0.6203326850390429,-0.5672886008311852,-0.6337575163270556,0.7034612295650327,-1.039525353810728
2023-07-22,-0.6232703309778326,-0.5757405246564672,-0.5518489487388192,-0.5141180274803501,1.1064094870921988,0.4599690243573791
2023-07-21,-0.5038828680350474,-0.5624848441729329,-0.5578967264555108,-0.5912131576214149,0.8887456043731907,-0.3902789134718332
2023-07-20,-0.5786197075456212,-0.6489083197386583,-0.7879625501457224,-0.8570678937616271,1.7515910034762063,0.4091929201989618
2023-07-19,-0.8445824904648722,-0.8943812453630791,-0.8443494695531654,-0.8968991944030261,1.0932823066344546,-0.19175009693806863
2023-07-18,-0.884012398155543,-0.9059599259498498,-0.8253463960057272,-0.8447679464029475,-0.19144500342033963,0.9690546102910156
2023-07-17,-0.8323415123506961,-0.866511249266914,-0.8098714683070535,-0.8643850833364514,-0.015930843259693794,0.3424784807167685
2023-07-16,-0.8521321724259898,-0.9043308222184778,-0.8634120182640599,-0.8596634521326975,0.7146926469707562,0.15430086450415662
2023-07-15,-0.8486355918673086,-0.8125095161879781,-0.8219945856433782,-0.7617315386397615,1.05903666655542,0.12629313142833903
2023-07-14,-0.7498601412932739,-0.3438492816755751,-0.713736971139113,-0.26648954381125717,1.740895993157959,3.76467917134352
2023-07-13,-0.2576448860847676,-0.15164077583188507,-0.3484306274255613,-0.4288858850499992,2.559665425802494,-3.4451694627578364
2023-07-12,-0.4194709721802108,-0.20050900017822262,-0.3825073347735164,-0.20532441239617102,2.8043114765817996,0.7544994206099207
2023-07-11,-0.19680197020977433,-0.22963409548491712,-0.14030416031981033,-0.18736717705595632,0.20026932795676192,-0.6743076589275304
2023-07-10,-0.17917475786107537,-0.16119267377708457,-0.1741321988249249,-0.2617910354030503,0.910761006639371,-0.7997441240092197
2023-07-09,-0.2507400892496171,-0.17807988647054726,-0.2702167256944825,-0.14278655240243887,1.3220143166700369,0.40206377573256125
2023-07-08,-0.1336458036066283,-0.15333091626417625,-0.20472617411580474,-0.2359941064283289,1.5933724066992538,0.16414462943374353
2023-07-07,-0.22696505534396008,-0.3055836218115308,-0.3383842233514436,-0.2947271725183134,1.467309979059941,-1.426811724610297
2023-07-06,-0.28515525105585593,-0.28237983346795203,-0.3264613411255068,-0.35199825562331843,1.500412213313046,2.0222066986248213
2023-07-05,-0.342876438847186,-0.391335638461213,-0.4915604855687438,-0.5298182952653218,1.0613310137371041,0.8632551679657955
2023-07-04,-0.5188112129001371,-0.5991802678832696,-0.5265376718254975,-0.5352171797091693,-0.22205946917011893,1.23095435640462
2023-07-03,-0.524938080953542,-0.49586053333320873,-0.4730157016552275,-0.44366019970919235,-0.1568999825034641,-1.719288971617395
2023-07-02,-0.4335837893696812,-0.44851679470122147,-0.44377260570749416,-0.4527582990072588,0.5639620989294578,-0.10022998012017612
2023-07-01,-0.44292722893529973,-0.5119074446005015,-0.47459525155805055,-0.5418666984992938,0.30929752418561235,-0.3688378476959126
2023-06-30,-0.5304152851212017,-0.4432266998575513,-0.4719568480245445,-0.42341022017308094,0.8038502390365827,-0.10466841599651366
2023-06-29,-0.4134002672973794,-0.47614115437479787,-0.43436391522583734,-0.46400727651298074,0.291448608052064,-1.179506962808768
2023-06-28,-0.4535899710123719,-0.5365735560857408,-0.6823759787528297,-0.7280653674039377,0.971545360305103,2.0006406314346874
2023-06-27,-0.7162862667537573,-0.786447477694389,-0.6858028640887841,-0.7302791470036291,-0.813334262027062,-1.3589370790869244
2023-06-26,-0.7183571127750028,-0.737944237438666,-0.6598036623258754,-0.7107820702406162,-0.5556036525023729,0.6908581938420197
2023-06-25,-0.6988565930594532,-0.744781276339586,-0.6539935041596217,-0.7121480936153187,-0.07198886146163375,0.2245165080483349
2023-06-24,-0.700860204753806,-0.7580115899219478,-0.7309251599851202,-0.7619771554884028,0.5765058577481882,0.4804610592791644
2023-06-23,-0.7508373747099325,-0.8181491237555134,-0.8038088674070583,-0.8810251446977525,0.5490819658453886,-2.551476513763639
2023-06-22,-0.8679169016016667,-0.9265919158072977,-1.1638247022795474,-1.202572833379967,1.487040359055304,0.3845067381677402
2023-06-21,-1.1870738032052486,-1.2597322766190113,-1.3037338775742335,-1.2442838209013398,2.591009405009595,-5.66087656877485
2023-06-20,-1.2293248075353533,-1.1615827608251654,-1.1978725552568732,-1.138648477912855,1.4649485019531767,-5.21210954190441
2023-06-19,-1.1255040496677353,-0.8376578509606502,-1.1064960696384682,-0.7752227133816251,1.3569607737536422,-1.9173028748880696
2023-06-18,-0.7649982709782454,-0.28732346331865866,-0.7532948057286833,-0.2926650801863578,3.7757981420632847,0.6624469645091502
2023-06-17,-0.282549536749375,0.16951465007941535,-0.23337407482685407,-0.16249927937731454,4.393572095610442,-0.691095351858176
2023-06-16,-0.14829911207499333,-0.12686707927003854,-0.26132281480864783,-0.25032505020884366,3.0795670649560973,-2.8527944497934867
2023-06-15,-0.2420520473128727,-0.13856527861514534,-0.19877772329959473,-0.08971754807806928,1.906576399035938,-1.766149396497606
2023-06-14,-0.08126407012626544,0.46566229661819214,-0.023292114667763306,0.4729406374048261,3.9272379662036263,3.1604455314822713
2023-06-13,0.48318293593550105,0.4512726871635605,0.38079549829682285,0.36424778242209166,2.1290784001817387,-0.0626131468872812
2023-06-12,0.37029007403178266,0.6175049075046743,0.4460457895030483,0.6188159490466671,2.3742786625070633,0.14542307016607242
2023-06-11,0.6231710117913143,0.6377807845827068,0.526609972162384,0.5544051172149609,3.2135644590822245,-0.34281611783803967
2023-06-10,0.5587276831604173,0.6172723736968657,0.5739071257472783,0.6513589353477784,2.17450872020017,2.4336707485271427
2023-06-09,0.6507962147840528,0.7018936370191613,0.4105380109456508,0.44529730894697783,1.848578939363834,0.105137515850873
2023-06-08,0.4487075273827954,0.6847978072666205,0.512303754088128,0.6888884207216842,0.7508411502455697,-0.6119500893170302
2023-06-07,0.6898079506459229,0.6053799343110767,0.4776665387632286,0.48939806610916214,0.9617089323536119,3.3886924537976726
2023-06-06,0.4924340563775633,0.4665958893632597,0.5153973645502485,0.48973543563991145,-0.5476950494154407,-5.428607758495715
2023-06-05,0.49436497939550295,0.5564614597034256,0.5752049574781829,0.6082930313747077,-0.4883415497082057,5.275485545006583
2023-06-04,0.6119589401473979,0.5238437842702661,0.3736872273774297,0.4055390697703671,0.02814464769592135,-0.162018089969319
2023-06-03,0.4088285106403611,0.3895739071033725,0.39078483027626354,0.43597038935990956,-0.02041761030343695,0.6443535248844894
2023-06-02,0.44046952438045384,0.6591397787352061,0.5306435310245119,0.6923219815550262,0.3272204354205755,-1.5765952660180338
2023-06-01,0.6959477237092814,0.7848382587931789,0.6413344469408705,0.6176029489862979,0.5369531393874152,1.490252749803286
2023-05-31,0.6209680237340559,0.6638742270124482,0.6085370954666056,0.7231802672359949,0.12548997136277507,1.7733145504068486
2023-05-30,0.72500521411573,0.701689293600473,0.7800323204935719,0.7071746817277533,-0.8480271885445472,0.1571551536165652
2023-05-29,0.7225315950118931,0.6357416788366723,0.6807381077777045,0.6569333454977607,-0.6793005777854872,1.2245524841294415
2023-05-28,0.6565422114781821,0.6256608723796285,0.5347439832608761,0.5598592131350645,0.1920106628139214,-4.33421927820405
2023-05-27,0.5650685385991913,0.6159188467563996,0.6319949612467529,0.6495253579000316,-0.31985415063151207,-0.5547896042356295
2023-05-26,0.6533924795797976,0.6869831906704122,0.6710456801261705,0.6518730859812912,-0.10803981089315322,-0.9097676011842699
2023-05-25,0.654689820381104,0.5565172595153066,0.645805373994847,0.6201127167917044,-0.49320069100537994,-0.5340240567530635
2023-05-24,0.6225494939742405,0.5409803161608459,0.6590913331547339,0.5920454666285978,-0.8497992488736024,3.3830056047621184
2023-05-23,0.5946091346959882,0.5522087766424472,0.6805697178070488,0.5972505502774088,-1.0281417227436065,-1.375349750527163
2023-05-22,0.6021228881957003,0.6389684844399558,0.6673720526916244,0.6886694778866613,-0.6923991419054569,-0.3629324093516034
2023-05-21,0.6926187627180617,0.9270997824714623,0.7540957543563465,1.0018813341454686,0.15916796409083922,1.404511717486752
2023-05-20,1.0034195327103996,1.0986850444289689,1.0954315119798175,1.1400053162656967,0.2596797995737639,-0.8826452802187261
2023-05-19,1.1397320488186033,1.087844308525661,1.1233800542166543,1.1172236251053043,0.08362528381706336,-0.21539109594485528
2023-05-18,1.0598077194579678,1.1058410970287063,1.1601687211275162,1.1789233458923518,-0.055869758240826704,2.11161414676703
2023-05-17,1.1817130627917878,1.2141866520101923,1.2000405288920144,1.199481014375425,0.5638700277660366,-1.3217779290188107
2023-05-16,1.2008631676482628,1.1202388188794612,1.2484477300050105,1.1598046800974624,-0.7205133209481849,0.5771517814649765
2023-05-15,1.1596386542885304,1.1094911762178417,1.2272830582099592,1.159059220828799,-0.6109825099580708,-0.9636977605316248
2023-05-14,1.1599144581680927,1.0545134687562938,1.0151639770675964,0.9525395015744699,-0.009803226452971908,-0.5442102245121584
2023-05-13,0.9551623915009342,1.0896636482670867,0.9861939243372017,1.1785641654064047,0.18290774879169175,0.0780766445179864
2023-05-12,1.178086773742301,1.0758813136923289,0.8696252021964551,0.8048559791670263,0.7929136121740187,0.7304520357849327
2023-05-11,0.8076442025241638,0.7654141057766032,0.7175559444805321,0.6680099879999781,0.40575192993092773,2.299814177168178
2023-05-10,0.6721455450895721,0.5964310607260208,0.5108618961073668,0.43805340715138197,0.33615399558708847,0.1340191582426255
2023-05-09,0.4402012973777952,0.48527937863762105,0.5089883927783927,0.566332616077331,-0.5785212026079086,0.12834344317275365
2023-05-08,0.5699913563144413,0.47320669723968484,0.564452483234087,0.5126765139601235,-0.6192943454835992,2.746796755017065
2023-05-07,0.5170574480019638,0.5103648478404492,0.48525846799486627,0.4970043815634594,-0.03004056817105063,1.580200339798584
2023-05-06,0.4989287872575021,0.6013416358946237,0.5182094123566419,0.682629873978885,-0.026435818544976817,2.178751993950251
2023-05-05,0.6841345905645507,0.9792938413791338,0.54624075501328,0.7099431076238022,1.6655209738220202,-2.324993230235181
2023-05-04,0.7144220959708261,0.9503809771681894,0.805443231931522,0.95935964273248,1.1022733813497176,0.549770056300667
2023-05-03,0.9626919470362374,0.8808846041856562,0.9320523099324638,0.9276752353566932,-0.04907072881000107,-1.123102970194392
2023-05-02,0.9286206570039129,0.8528919138014535,0.970135376200472,0.9058977600011987,-0.8736488797028257,-2.0535465032590623
2023-05-01,0.9071438967803566,0.9691027640747065,0.9763799792831689,0.9107192643125481,-0.3956208238551455,4.190717319806914
2023-04-30,0.9028010805933134,0.8243915121408436,0.6318717905073031,0.6313673590113986,0.08406502772103544,-0.06942090333588377
2023-04-29,0.6339205466357206,0.7200292811806595,0.6903617860601554,0.7711261378995553,-0.1822550448092905,0.3137739088266138
2023-04-28,0.7738696540747164,0.8080143667030468,0.7514801388987534,0.8484296636748986,0.14006541648041415,0.45508688111833456
2023-04-27,0.8566169035676416,0.8297995688935379,0.8754279668987202,0.8107957203368479,-0.2882050441070843,-3.5661699471876966
2023-04-26,0.814200767162491,0.9032431251277372,0.9118374938575263,0.9737391628568153,-0.0020892701162305133,-0.4049678048506541
2023-04-25,0.9763362359226629,0.938419708619732,0.8213270268562584,0.8243006976882767,-0.24444834172030627,-2.7634226986296464
2023-04-24,0.8260282758256497,0.7842835915849797,0.8146929075534305,0.7176023518182005,-0.797117569673694,0.2399430252865154
2023-04-23,0.7196097375733025,0.6693120148691751,0.5427761769797241,0.5370913110038144,0.1400571769757196,0.8195177173856492
2023-04-22,0.5414324077567993,0.47347563305933105,0.5585121561975384,0.5286677854082958,-0.45835908476762877,-1.943349373713268
2023-04-21,0.5318956844628207,0.5900852906328967,0.44026570760935785,0.5198835199558919,0.32375514723734955,3.552739786205341
2023-04-20,0.5239821072042692,0.4270775259437179,0.415785519063978,0.37253137319415314,-0.1473372883002287,2.041681730109886
2023-04-19,0.37457325995312296,0.295345917556881,0.19863378979306054,0.32606972184637617,0.16290631185617085,5.464003474980041
2023-04-18,0.33214092289481134,0.2894922001642029,0.39873034854375705,0.32110739771933594,-0.9531447151466901,-3.133501696163516
2023-04-17,0.3277077142752897,0.317521501133366,0.3868273859716088,0.35588507826838417,-0.9512650626935512,2.9557114073574238
2023-04-16,0.3612987255482911,0.43275488573237714,0.41200444500145605,0.4180693210379859,-0.42425381059085493,0.010362725084487974
2023-04-15,0.41793933019501167,0.3520255970270664,0.4391306919367709,0.3810413250356142,-0.6256697084360812,0.5514886719138504
2023-04-14,0.3858498720937828,0.39078549666885787,0.37211419456015565,0.46697776281159253,-0.3371719083737511,-0.28417797091869057
2023-04-13,0.4722225268157994,0.3909249957295631,0.32763493048093356,0.3325285471207979,-0.3272350686228114,-0.8553338814506962
2023-04-12,0.33661918109315,0.3123205903597443,0.39616710185813236,0.34627238098491997,-0.8021945877929965,0.31854374559828885
2023-04-11,0.351263846889302,0.3184943734624398,0.4305564765522158,0.4030943986822921,-1.3071229816142054,-1.9251784593720018
2023-04-10,0.4054164180794469,0.3442591478155492,0.39778028989047165,0.31392855228977085,-1.1151114141375122,-4.451255978784382
2023-04-09,0.3184894706316206,0.29304015287419216,0.35999702378438764,0.33705335222301586,-0.8264236446745993,-1.3597388819175193
2023-04-08,0.34350811604773407,0.3835176092804877,0.4240429540525027,0.42590795080051647,-0.5100480734745795,-0.07848612613168633
2023-04-07,0.4304617167694798,0.3346486089469826,0.2534741574268982,0.21450048539739194,-0.19828931482214032,0.42355132138053275
2023-04-06,0.21932022688461167,0.18738035192023741,0.20155807180448362,0.24805136229344388,-0.4916054948026975,0.4772612145576712
2023-04-05,0.2534562543876349,0.26301698459367623,0.31053189551509913,0.30573367618552,-0.6281403394159016,-0.035111598841360364
2023-04-04,0.3114814669731988,0.25655327320058685,0.3771611822822342,0.34110543463376486,-1.2056233495558581,-1.3414788297396814
2023-04-03,0.34709296332913125,0.5600215017168594,0.42081524018878985,0.629962234399399,-0.408437889313203,1.4720556959180704
2023-04-02,0.6311884491872398,0.615522401655236,0.6037685817019414,0.5493384361709671,-0.33222311245511965,0.7508193337100552
2023-04-01,0.5532392471021194,0.5254334962440688,0.6096878783333545,0.539007670813167,-0.563502145978712,0.2374090362599105
2023-03-31,0.5427207605335476,0.4758663169172919,0.43612747614405306,0.4244680532310687,-0.27530130995225,-1.562307339892513
2023-03-30,0.4290013387419739,0.3629123792937931,0.3893191439340024,0.32962499509129867,-0.39241311642193266,1.1232221559814832
2023-03-29,0.3361007742027239,0.3530856184151846,0.36598460393639537,0.43157035206869526,-0.37342835036161115,-3.81082969862513
2023-03-28,0.43700007913883243,0.3561539178573038,0.4581334941052693,0.39017209787918855,-1.1464825147412263,-0.4703034106783366
2023-03-27,0.39520276659349124,0.3770819945506459,0.4605901935031926,0.4005982854172855,-1.0296206845067977,3.1482847939470204
2023-03-26,0.40652190091051127,0.3126378239701222,0.09448984945613254,0.07812242610248851,0.4264726065100073,-1.7847279949725674
2023-03-25,0.07841978684299934,0.3554022820082852,0.09201392639627858,0.42900633444207814,0.47636285545065876,-0.00517093984776342
2023-03-24,0.4330671464551747,0.35967325291774005,0.26318813424377563,0.21715358661077877,0.18884068624650915,3.057792342252268
2023-03-23,0.22361124749934902,0.23529862828978007,0.287147197873011,0.25564676558399596,-0.7248101813181015,-3.6229862766587884
2023-03-22,0.2609432837162065,0.22896585246410434,0.30941802643523353,0.24904030084532688,-0.8313624708133033,3.1800131018377553
2023-03-21,0.25524420320567276,0.17331287244443225,0.10811143300348453,0.09975037720234997,0.2299254004104441,-1.4501105894648028
2023-03-20,0.10717836386361727,0.09710524421186767,0.14828947951297705,0.12085226432481933,-0.8652644711882971,0.9775499862324514
2023-03-19,0.12610818476260593,0.0702327860648813,0.149782667999051,0.11191381326341282,-0.7520013570127067,-3.826126561884006
2023-03-18,0.11871476269735841,0.13732813164770813,0.1625627661433689,0.11576475102554429,-0.45657602175502443,1.6986313116791263
2023-03-17,0.12279944899034291,0.05950458280945514,-0.03603576781533878,-0.07265918381530292,-0.4419288814922709,-8.646247483419549
2023-03-16,-0.06556643036113023,-0.011791551605431896,-0.061271198858509984,0.034530756286100264,-0.253612420585666,-2.7016087686604053
2023-03-15,0.04142842151285585,0.15752445022700604,0.0464611394982829,0.2127549913038939,-0.19522881835819975,1.5183536582756936
2023-03-14,0.21913575543162617,0.22875774683387534,0.26979903596398686,0.2562306387847358,-0.8224089264074066,-2.2166815086217198
2023-03-13,0.2620126450359714,0.20701497500642002,0.30619102114757896,0.21483146081783566,-1.0050836910595768,-8.404092458711652
2023-03-12,0.22073096037363407,0.2788215773629909,0.30305215231965144,0.33699424640032416,-0.6143171125779565,-6.910051348451418
2023-03-11,0.34013577811528717,0.6055033793307995,0.3886149842401023,0.6873496985004859,0.5101745617533764,-2.157605387700943
2023-03-10,0.6867885798039914,1.1517795750085615,0.7767243870395697,1.090704465999619,1.844353991315643,0.8707353375103172
2023-03-09,1.0841491282290914,1.095641157897238,1.1122229546609923,1.0634121259014113,0.32341191985649964,6.654507262315963
2023-03-08,1.0606672387958562,1.3034965506278444,1.1521384516739086,1.2492580888271667,0.7382764356087009,2.3100073506807846
2023-03-07,1.2522813234342742,1.1673232909663844,1.2590876904424138,1.2144293192769497,-0.6956942353414438,0.9450524068637253
2023-03-06,1.2136949837489666,1.2224828246075872,1.2681728689279983,1.1981905075596826,-0.6291174815155005,0.025665295840330817
2023-03-05,1.1984512771523266,1.128215195142213,1.1787064903205682,1.148565014142561,-0.17503441998182334,-0.3662234897824934
2023-03-04,1.1498132353333896,1.2144608024941088,1.2462289403664966,1.2475245227996623,-0.1827458957078644,0.04173539076580227
2023-03-03,1.2494090836829326,1.1438590317883262,1.1705529573329874,1.1046929011749274,-0.4052900845950274,4.976091590867507
2023-03-02,1.1054370536960383,1.165485794434733,1.2030945793642434,1.1899064740102243,-0.5719160014060698,0.7287742705802185
2023-03-01,1.189212010570991,1.2726335639022293,1.093262050616319,1.1974761750012735,1.010474936849044,-2.1110754480701166
2023-02-28,1.196404730626827,1.1294387527476895,1.268394483560486,1.2242495644887434,-1.0624878686648953,1.622295725442265
2023-02-27,1.2236299650797084,1.1584814850873832,1.2528073051241793,1.2315324089127133,-0.8891315233636916,0.16299453803790656
2023-02-26,1.2324154419118367,1.3002573429472581,1.3303260427527963,1.358643654960348,-0.3213703460439316,-1.6375951294724447
2023-02-25,1.3579830668165132,1.2885297748885476,1.34783533889849,1.2687428216922687,-0.6162531330093644,0.09817252759220946
2023-02-24,1.2687894719265067,1.1843464114990612,1.2435755698779578,1.2062359197408203,-0.6556984803587381,3.2302824255285785
2023-02-23,1.2047319481180592,1.3198998778072588,1.163438711685655,1.0627135425232594,0.3804531186462651,1.007831835774552
2023-02-22,1.0634070374997946,1.0813688021130996,1.1358099510504271,1.1654446429552134,-0.5474836675762242,1.0232465774414037
2023-02-21,1.1669378558599721,1.0673633974447951,1.2086127034371021,1.153645521761656,-1.2514706931104944,1.6074127817270245
2023-02-20,1.15389135558977,1.0797281238164111,1.209918544901965,1.1248599214439314,-1.204267884271361,-2.0198272866744444
2023-02-19,1.1257780095448064,1.2189497266557336,1.1858338617048627,1.1825788963988701,-0.3745313909142021,1.2892136458111185
2023-02-18,1.1836170283059455,1.1636398087862916,1.2754212800059326,1.2315752819521502,-0.6952129612001469,-0.3071064849337608
2023-02-17,1.231880155716996,1.2035692873316954,1.2443501742526066,1.1771625649834951,-0.37723325551565495,-3.8351492813581722
2023-02-16,1.176506717363745,1.4023547182263425,1.253849023125739,1.4344852559439318,0.6868150533338148,2.896977954001372
2023-02-15,1.4329573932263469,1.3483263506125864,1.1812649733165508,1.1634998396532295,0.3551332193465048,-8.585859832568795
2023-02-14,1.1633668585238277,1.07512002180454,1.2526738270405724,1.1544205987127276,-1.1912866217125846,-1.857279184982391
2023-02-13,1.1552739547567115,1.0820473641135562,1.2108988281815896,1.143344965491346,-1.1307901018679127,-0.09124034520229772
2023-02-12,1.1439884082448744,1.0585153638607234,1.113815488280542,1.118845947860246,-0.564811268193863,0.3794258482527117
2023-02-11,1.1197980893163737,1.0346148500016457,1.0827223183396677,1.0501904463101532,-0.576944057203271,-1.00448788866408
2023-02-10,1.052568190505909,1.0231061514938082,1.1398925399485873,1.0638016409299629,-0.6979971300756139,0.7752746153893513
2023-02-09,1.0651174655934195,1.0257463642785967,1.1023531007819785,1.0348738489130074,-0.395260424694368,5.134775821143792
2023-02-08,1.0391384986628196,0.9909618437516545,1.1253697702755598,1.0625726223870677,-0.8364861750825964,1.4163077735677958
2023-02-07,1.063571698444754,0.9783115944551843,1.1086086097116519,1.0300772889686716,-1.2078657186077535,-2.167192287628975
2023-02-06,1.035600403921516,1.0571755315570648,1.1272149423765083,1.1042878522260375,-1.0464873615984935,0.8592083224852047
2023-02-05,1.1043697030192754,1.0019872823597162,0.9331786019276936,0.8889139227561177,-0.3065208013963712,1.6387288459921994
2023-02-04,0.8914474974930413,0.8297940895305372,0.963979916656184,0.9008914265263173,-0.9210808491851449,0.5034941456637939
2023-02-03,0.9024840963268587,0.9047888725642218,0.9763535593355063,0.9311659256331503,-0.5339698743934231,0.09615979573633629
2023-02-02,0.9326852030527344,0.878133769930199,0.97285396430169,0.8969282506727101,-0.8606910034763148,1.0731961597840682
2023-02-01,0.8992771866019728,0.8689564531557452,0.9792222247104073,0.9226879988138406,-0.8070482818014121,-2.4637136176482293
2023-01-31,0.9245822450331115,0.8399555568719108,1.0124706595055948,0.9316276183062502,-1.3745976374637623,-1.2928014699891233
2023-01-30,0.9334623667057671,0.8507318594496884,0.9632752262518315,0.9122618916107503,-1.1113925007893972,4.091161703178942
2023-01-29,0.9148802464723008,0.8615960094999546,0.980600384198669,0.9015368856536445,-0.7545305109178273,-3.1271912601462315
2023-01-28,0.9036899566542471,0.9048307164423093,0.8665305438052969,1.0072803488486914,0.03814925001940368,0.206842597359991
2023-01-27,1.0153234715110417,0.9774697781284775,0.9361150400796293,0.8829920550793748,0.1508112068367415,-0.19910231379736393
2023-01-26,0.887400334255981,0.8350387270736804,0.9392345486841213,0.8893323425463984,-0.6199041177665005,0.3693956702867317
2023-01-25,0.8903652549145461,0.8179111784728573,0.9214102810446976,0.8645144329274288,-0.709016078425475,-2.082331051996131
2023-01-24,0.8670153284856565,0.7714772595811693,0.9388281771827904,0.8569291840493767,-1.3606278236578249,1.3162925236741048
2023-01-23,0.8595411691125524,0.7850520196229579,0.9402793211305127,0.8568651195437201,-1.2801760778818205,-0.9331639027202059
2023-01-22,0.8583171830879676,0.8044663446452724,0.8826635296460096,0.8897832353431006,-0.5195185462546301,0.25180076556955167
2023-01-21,0.891694887115176,1.0213882712500058,0.9763302770096943,1.028579925442489,-0.045943860338631355,-0.4437426933406363
2023-01-20,1.030077147564011,1.0019968062760902,1.0395447977999825,0.9801723266103052,0.050985382022160394,-7.01058287409457
2023-01-19,0.9822597202705872,0.9078157731103238,1.0341714929454782,0.9488727314867086,-0.7295405998179222,-1.8874969239067025
2023-01-18,0.9494567852192529,0.8680862994905656,1.0099111084561678,0.9413085035927903,-0.9296604828933385,2.2849992767770515
2023-01-17,0.9435325724769554,0.8558365458292947,1.0349266328377638,0.9456388915438495,-1.409035939989429,0.038341107251708105
2023-01-16,0.9474969072164395,0.8503280072915788,1.012865187782114,0.9140668545663118,-1.2729760961337628,-1.3643768954635476
2023-01-15,0.9160475645605749,0.9012301838167034,0.9788039664354449,0.9438539720498164,-0.472126110828361,0.4573608188331202
2023-01-14,0.9454813548014545,0.849789964404078,0.970330303657822,0.8873553077308423,-0.6366982678499656,-5.085382941680576
2023-01-13,0.8891132745979297,0.7992777225036106,0.8772885672152315,0.7761668751663575,-0.36002570137635975,-5.223549920509792
2023-01-12,0.7784240262521112,0.6885437034980462,0.08582301547554615,0.2927439517927168,1.5776463841167723,-4.905726733864675
2023-01-11,0.29164342604761856,0.2377837095836926,0.14827438645613766,0.14680960619190325,0.7275725251831872,-2.7731161336548786
2023-01-10,0.1528911513186635,0.10780776916888272,0.1803604754500911,0.15787882686179636,-0.8773861152823056,-1.4314700359769164
2023-01-09,0.1644556794208672,0.11042068759815037,0.22889338682700705,0.18003739511301112,-1.0684820012664167,-0.6129693656684149
2023-01-08,0.18611592725222723,0.10100439547261501,0.1908599490579704,0.16450804667043403,-0.5490667554959892,-0.7961258330721621
2023-01-07,0.1724487195470467,0.08130297974279868,0.11265260287892567,0.14256193850149315,-0.4133994835438185,-0.018330311621306446
2023-01-06,0.15115527139793394,0.2328293225500929,0.1809831108413357,0.237475737590772,-0.11607373881354018,-0.6797609640145775
2023-01-05,0.2433932273832401,0.17886427339503672,0.20740658582526958,0.1735801018314404,-0.6089796527534023,0.15740350174817166
2023-01-04,0.18021655751649276,0.10749490503363197,0.17661176968694617,0.14636158275837358,-0.6647541053167471,-1.0874612317092962
2023-01-03,0.1527501596602545,0.07476078912063187,0.2239808957473685,0.13705817763926845,-1.428152041047278,0.05164479250800462
2023-01-02,0.14355258986772462,0.08825000450679531,0.2194665307740427,0.15633378502539125,-1.3228364527370324,-0.37984789215592374
2023-01-01,0.16274645920145678,0.09597453702737507,0.19915573845545284,0.16023883556976765,-0.8328897481471687,-0.4666755415485015
2022-12-31,0.16578238238531684,0.5358032934995923,0.20685453514254185,0.544950524455485,1.3676673963807644,0.3329192033921627
2022-12-30,0.5487482924132634,0.45922968967803585,0.4848637589619053,0.44288368909695064,-0.1929512551507379,0.2394658165730451
2022-12-29,0.4487008810085998,0.38849444275092615,0.16846735797390536,0.11878894615313448,0.26683801487214637,-0.5394128527515087
2022-12-28,0.12604572718960816,0.07906088618368629,0.0746451173089686,0.08776306951377325,-0.09000142192377547,0.9944209651089602
2022-12-27,0.09464814948291897,0.04286860386924574,0.16850675496568698,0.10391658546465284,-0.9410170708012839,1.2121139317104856
2022-12-26,0.11082047707877545,0.07005368979910918,0.1838756555808554,0.1278285435979664,-1.0773553488332666,-0.4599232783129857
2022-12-25,0.13410069312429562,0.06874530353570106,0.14541461942078637,0.09053725232700523,-0.8714920343816106,0.034249004306282374
2022-12-24,0.09796176566034803,0.016836034480005292,0.1293007983467264,0.08284097440462519,-0.8218741488424604,-0.30154221223388994
2022-12-23,0.09064326318563684,0.03885152430188256,0.08468078572935239,0.07649441142446299,-0.6232174193847687,0.1987816145319182
2022-12-22,0.08224170089135527,0.1449931868073673,0.13367869811005892,0.1920469118612267,-0.8226449410525514,-0.07609493509849491
2022-12-21,0.19944699507524202,0.14608719123006667,0.15033119387744281,0.11266221137100506,-0.8551101443033005,0.5278468402686202
2022-12-20,0.11930067633212987,0.0316311253553136,0.18230441307848197,0.1102950749886277,-1.4944725684668583,-2.7600682612239713
2022-12-19,0.11689122909963036,0.044693667245322394,0.1413850550427987,0.09523828422711143,-1.2047201606903108,1.9361554722137648
2022-12-18,0.10191448317588134,0.022784759172520277,-0.029270544412273447,-0.06364708091583296,-0.40187454469413186,0.22146803921405483
2022-12-17,-0.05637109189951418,0.1549110628321288,0.01947245304196141,0.09550329770616645,0.08426624648136251,-0.8788728127346928
2022-12-16,0.10329186527130514,0.13727262848066316,0.175244356666424,0.1892300377794925,-0.5849504263879189,4.309248502013081
2022-12-15,0.1954535525927692,0.22997408413040132,0.2690683534616917,0.2631116973850428,-0.4963699499660478,1.6541067430613898
2022-12-14,0.26752297119438107,0.24529784045143532,0.28571382751039415,0.27948949318524,-0.7757441141237873,0.7320405794666897
2022-12-13,0.2845955458643544,0.2253558346960991,0.3417662372944914,0.26989993824123637,-1.2643330010709524,-3.2330590329529687
2022-12-12,0.2755683648496001,0.19353977336987258,0.3348397582959952,0.26180968130178217,-1.3395582287859444,-0.5942281207122665
2022-12-11,0.26732859999259456,0.3788768199518727,0.3277345317208275,0.31403661579132763,-0.28021773315165527,0.14342041614031026
2022-12-10,0.32107413966063914,0.3960975881488706,0.3916951306719886,0.4224413729644606,-0.49680951700311693,0.025853087484024324
2022-12-09,0.4270709666898414,0.37068203185995013,0.43555740378729335,0.40366890833740326,-0.5599033941141841,0.5855431953851602
2022-12-08,0.4081093518282832,0.3179778528018927,0.3214330421516119,0.2697460806005079,-0.5490804370904702,-2.2360343049189613
2022-12-07,0.2746551955327514,0.21868146095192872,0.3469682831472068,0.27257836175466615,-0.883700260895098,1.4326581708418142
2022-12-06,0.27807532344948516,0.19730551251872666,0.35297456159546087,0.27253591062067034,-1.264013216429839,-0.6710437169446319
2022-12-05,0.2782682829466245,0.216350705860511,0.2809903662209454,0.19599332809648087,-1.1695753194472966,0.9170066612402674
2022-12-04,0.20146775608284676,0.14783239667113185,0.2306130849381667,0.20587752831051978,-0.713665885233666,-1.297389652445385
2022-12-03,0.21113470128745115,0.1404761148205625,0.2496608412486774,0.18660206248737962,-0.9547830616734349,1.067075274994562
